Experiment,Repetition,BatchSize,W2_Gaussian,Sinkhorn,Sliced,W2_Time,Sinkhorn_Time,Sliced_Time
Exp1_Split_Half,1,10000,0.04396264374272363,0.6111952066421509,0.15566943695665394,1.9624691009521484,828.8527173995972,11.688214302062988
Exp2_Intra_Inter_Patient,1,10000,0.08504029668054525,0.5786836743354797,0.005136528525485302,1.7804062366485596,828.8973660469055,10.300428867340088
Exp3_Tech_Replicates,1,10000,0.011361867851492846,0.4319576919078827,0.002581836945658246,1.9389421939849854,828.7457835674286,10.316844940185547
Exp1_Split_Half,1,30000,0.048101722871456865,0.55716472864151,0.11370179538594219,2.9347496032714844,909.9796657562256,12.715526103973389
Exp2_Intra_Inter_Patient,1,30000,0.0783998399577408,0.5188287496566772,0.005354291317607276,3.1701645851135254,910.4126465320587,11.160436868667603
Exp3_Tech_Replicates,1,30000,0.005123719872612398,0.355765700340271,0.0031077133045468238,2.803253412246704,910.3439161777496,10.945975303649902
Exp1_Split_Half,1,50000,0.059576785347230654,0.49799174070358276,0.08106791714323461,3.5418448448181152,1049.3755617141724,13.387892246246338
Exp2_Intra_Inter_Patient,1,50000,0.0800296050031557,0.4958641231060028,0.004800408081829742,3.477081060409546,1050.07155418396,11.653720140457153
Exp3_Tech_Replicates,1,50000,0.004807528530483829,0.3276163339614868,0.0018272629162101616,3.731682300567627,1049.823920249939,11.715658903121948
Exp1_Split_Half,1,100000,0.15165727021841313,0.5037083029747009,0.05406023585657899,6.442116737365723,1394.5232737064362,16.17813992500305
Exp2_Intra_Inter_Patient,1,100000,0.07906845563627929,0.46743953227996826,0.00492856659160692,5.618445158004761,1395.0199422836304,13.611032962799072
Exp3_Tech_Replicates,1,100000,0.003757610118817034,0.29654669761657715,0.0012255932586084607,5.606874227523804,1394.9608526229858,13.575768947601318
Exp1_Split_Half,1,150000,0.14162498764230058,0.5120009779930115,0.03209709565474767,8.300607681274414,1691.4226324558258,17.744088888168335
Exp1_Split_Half,1,10000,0.1672738948497452,0.6174938678741455,0.15906302490824384,6.5258073806762695,829.9402799606323,28.31512188911438
Exp2_Intra_Inter_Patient,1,10000,0.08035448571682835,0.5767418146133423,0.004537925949736521,10.246932983398438,829.7426717281342,19.736011266708374
Exp3_Tech_Replicates,1,10000,0.011336493088819566,0.43096739053726196,0.0023301068027336675,4.250150203704834,829.7289388179779,14.344587326049805
Exp1_Split_Half,1,30000,0.09392958789601025,0.5576480031013489,0.11246119825007866,8.660948514938354,911.2295861244202,23.327147245407104
Exp2_Intra_Inter_Patient,1,30000,0.0824972515314979,0.5209016799926758,0.005665995402711024,11.89458966255188,911.5527949333191,11.166115045547485
Exp3_Tech_Replicates,1,30000,0.005978019807115764,0.356121301651001,0.003023007488579341,2.8591983318328857,911.6683497428894,13.204816818237305
Exp1_Split_Half,1,50000,0.06895778707866107,0.5288387537002563,0.08135579986318275,3.885105848312378,1050.8114235401154,13.862386226654053
Exp2_Intra_Inter_Patient,1,50000,0.08224691171699483,0.49700385332107544,0.004855889680276737,10.554112911224365,1050.8392584323883,16.52499771118164
Exp3_Tech_Replicates,1,50000,0.004648579033436739,0.3272396922111511,0.001709262222145934,14.53297472000122,1051.1362826824188,11.58189845085144
Exp1_Split_Half,1,100000,0.046626598314897016,0.4730660915374756,0.05509030538080188,6.061691761016846,1396.366956949234,15.288491487503052
Exp2_Intra_Inter_Patient,1,100000,0.07670376773576137,0.46615713834762573,0.004435044434535093,5.403589487075806,1396.380598783493,13.403238773345947
Exp3_Tech_Replicates,1,100000,0.003748007605712367,0.2971937656402588,0.0013726965897826373,5.7641379833221436,1396.347526550293,13.628743410110474
Exp1_Split_Half,1,150000,0.014706127864903884,0.45584630966186523,0.03235856227234814,8.41374921798706,1694.063777923584,17.580963850021362
Exp2_Intra_Inter_Patient,1,150000,0.07744883151468329,0.45317983627319336,0.004575434099397785,7.5742268562316895,1694.7883310317993,15.104146480560303
Exp3_Tech_Replicates,1,150000,0.0032749727757916958,0.28252458572387695,0.0013154738358496826,7.501099348068237,1695.0338549613953,14.942712306976318
Exp1_Split_Half,1,200000,0.016230477950004207,0.4463806450366974,0.032049170302835266,10.479219198226929,2124.5134732723236,19.8520929813385
Exp2_Intra_Inter_Patient,1,200000,0.0772963085652929,0.4448040723800659,0.004764197221443708,9.732969522476196,2125.9108572006226,17.197904586791992
Exp3_Tech_Replicates,1,200000,0.003193728874085089,0.2743864059448242,0.0011420138051274654,9.335726976394653,2125.6275219917297,17.066346645355225
Exp1_Split_Half,1,300000,0.07709467786832569,0.45815011858940125,0.0006036721654630377,15.049290180206299,3011.2930996418,38.0055193901062
Exp2_Intra_Inter_Patient,1,300000,0.07732965768410693,0.43517953157424927,0.004843473236973991,27.82093358039856,3012.371728181839,26.181836128234863
Exp3_Tech_Replicates,1,300000,0.0030472866029480628,0.26482725143432617,0.0010352657968754654,27.287490844726562,3011.9960515499115,23.959386587142944
Exp1_Split_Half,1,399900,0.10698492401478354,0.45913416147232056,0.0005177532736909715,29.173737049102783,4185.31511926651,28.308799505233765
Exp2_Intra_Inter_Patient,1,399900,0.0776789056723235,0.42974042892456055,0.004907866807867849,17.678637981414795,4184.6170353889465,24.32263731956482
Exp3_Tech_Replicates,1,399900,0.002896212143550514,0.25944530963897705,0.001241874920538106,17.56691002845764,4185.310982227325,23.901834726333618
Exp1_Split_Half,2,10000,0.059217462402921583,0.5831921100616455,0.1495267441688128,1.7252097129821777,829.7127532958984,12.22946810722351
Exp2_Intra_Inter_Patient,2,10000,0.08311614287979197,0.579509437084198,0.005096317708354437,2.177116632461548,829.5766999721527,10.599248886108398
Exp3_Tech_Replicates,2,10000,0.012129194208579719,0.4293367266654968,0.002193061583641459,2.19010329246521,829.5937669277191,10.274644613265991
Exp1_Split_Half,2,30000,0.18411014667171166,0.5642972588539124,0.11212633395235796,2.625230550765991,911.1490836143494,12.809894800186157
Exp2_Intra_Inter_Patient,2,30000,0.08151731303879739,0.520470380783081,0.005172391139075603,2.749678611755371,911.3485517501831,11.107638120651245
Exp3_Tech_Replicates,2,30000,0.005929419945839065,0.35479819774627686,0.002971229450057585,2.9362831115722656,911.4730408191681,11.132417917251587
Exp1_Split_Half,2,50000,0.051049585479496784,0.5010026097297668,0.08367870969588577,3.7257611751556396,1050.8624424934387,13.422309160232544
Exp2_Intra_Inter_Patient,2,50000,0.07912315418144988,0.49655959010124207,0.004605140541770527,3.488746404647827,1050.9233567714691,11.760556697845459
Exp3_Tech_Replicates,2,50000,0.004492183099690017,0.3271039128303528,0.0016423155356399704,3.264511823654175,1050.9935631752014,11.573991775512695
Exp1_Split_Half,2,100000,0.019896182026704956,0.4851340651512146,0.056426538437658436,5.901545763015747,1396.248522758484,15.497554779052734
Exp2_Intra_Inter_Patient,2,100000,0.07940188626876754,0.4676322937011719,0.004399811584080094,5.80134916305542,1396.369509935379,14.354766130447388
Exp3_Tech_Replicates,2,100000,0.0037461170981654135,0.2965314984321594,0.0013345273213325984,5.577488660812378,1396.7226107120514,13.728238105773926
Exp1_Split_Half,2,150000,0.013981268455141027,0.458301305770874,0.03259515332011128,8.063158988952637,1694.0825295448303,17.73383116722107
Exp2_Intra_Inter_Patient,2,150000,0.078380089196731,0.453858345746994,0.005082882214385629,7.467456817626953,1694.7258775234222,15.176051139831543
Exp3_Tech_Replicates,2,150000,0.0033114547399604177,0.28265178203582764,0.001405865272347819,7.248048782348633,1694.801112651825,15.013011693954468
Exp1_Split_Half,2,200000,0.016409283349764436,0.4462776780128479,0.03224218448158324,10.438892126083374,2124.9282898902893,19.9531090259552
Exp2_Intra_Inter_Patient,2,200000,0.07660797198561387,0.4446972608566284,0.004387024479076771,9.568880558013916,2125.866578102112,17.399274826049805
Exp3_Tech_Replicates,2,200000,0.003234821219022521,0.2738812565803528,0.0012117835379258485,9.600433826446533,2124.634262561798,17.11908221244812
Exp1_Split_Half,2,300000,0.07540775881786299,0.45656004548072815,0.0005441021841815685,14.844503402709961,3011.045040845871,26.2148277759552
Exp2_Intra_Inter_Patient,2,300000,0.07735718103999911,0.43519121408462524,0.004824988213787191,14.163098335266113,3012.1920392513275,24.189873456954956
Exp3_Tech_Replicates,2,300000,0.0029878719378713114,0.2647365629673004,0.001157849624214571,13.445951700210571,3012.5252883434296,24.00628399848938
Exp1_Split_Half,2,399900,0.07835462017502515,0.4542715549468994,0.0005366947437152582,19.855974674224854,4184.940428733826,27.707035779953003
Exp2_Intra_Inter_Patient,2,399900,0.07768402432803168,0.42974263429641724,0.004553756454150991,17.209569931030273,4184.823297023773,24.330500841140747
Exp3_Tech_Replicates,2,399900,0.002895710033671506,0.2594449520111084,0.001275583251486275,17.315733432769775,4184.763902664185,24.046374559402466
Exp1_Split_Half,3,10000,0.13993672752950825,0.6339585781097412,0.1518430357314508,1.8686749935150146,829.6349732875824,12.269941806793213
Exp2_Intra_Inter_Patient,3,10000,0.09049294585887235,0.5809923410415649,0.005118499278267376,1.7793209552764893,829.4473757743835,10.486771821975708
Exp3_Tech_Replicates,3,10000,0.01129132546592615,0.4283524751663208,0.002241723531960681,2.0388176441192627,829.5082190036774,10.414105653762817
Exp1_Split_Half,3,30000,0.054164469715310304,0.5070899724960327,0.10908398089560528,2.6609504222869873,911.4601340293884,12.81907033920288
Exp2_Intra_Inter_Patient,3,30000,0.08236795438425926,0.5208912491798401,0.005343522963354256,2.396515130996704,911.3619594573975,10.962471961975098
Exp3_Tech_Replicates,3,30000,0.005743021860848074,0.3539780378341675,0.002881384950956169,2.7285892963409424,911.269647359848,10.901217699050903
Exp1_Split_Half,3,50000,0.09710542508627107,0.5433247089385986,0.08044508216409116,3.64951229095459,1051.1070384979248,13.151160717010498
Exp2_Intra_Inter_Patient,3,50000,0.07784528406818048,0.4951304495334625,0.004597489853621917,3.3316707611083984,1051.0478224754333,11.469466924667358
Exp3_Tech_Replicates,3,50000,0.004774332785062008,0.3269716799259186,0.001776428036023913,3.562356948852539,1051.09428024292,11.420343399047852
Exp1_Split_Half,3,100000,0.16548574822809847,0.5105208158493042,0.054858880174069403,5.888234376907349,1396.5461587905884,15.352335929870605
Exp2_Intra_Inter_Patient,3,100000,0.0762377635600675,0.46676206588745117,0.004436949394394329,5.375685214996338,1396.5029315948486,13.41592812538147
Exp3_Tech_Replicates,3,100000,0.0035078391244969254,0.29663026332855225,0.0012005823715274643,5.529463529586792,1396.7647070884705,13.350654602050781
Exp1_Split_Half,3,150000,0.1367514144920401,0.5091780424118042,0.031978294279308275,8.317375183105469,1694.0712785720825,17.681903839111328
Exp2_Intra_Inter_Patient,3,150000,0.07724500403246903,0.45307499170303345,0.005032788256731936,7.39584755897522,1694.3492336273193,15.015099048614502
Exp3_Tech_Replicates,3,150000,0.0032999294846227656,0.28224480152130127,0.0015241023330141916,7.55450963973999,1694.3499116897583,14.870273351669312
Exp1_Split_Half,3,200000,0.05663658247280701,0.4522666335105896,0.032483287471330065,10.442867279052734,2125.0952982902527,19.872946739196777
Exp2_Intra_Inter_Patient,3,200000,0.07823184731536337,0.4455111622810364,0.004658931199596002,9.427239656448364,2126.0405089855194,17.21066951751709
Exp3_Tech_Replicates,3,200000,0.0032213345536442617,0.27395859360694885,0.0010852424057421393,9.314250469207764,2125.6098294258118,17.080100297927856
Exp1_Split_Half,3,300000,0.11977851706989995,0.4714982211589813,0.0006461771924016233,15.099818229675293,3011.183065891266,23.728925704956055
Exp2_Intra_Inter_Patient,3,300000,0.07742414505922923,0.43522924184799194,0.004693017273422111,13.403910398483276,3012.640377998352,24.021165132522583
Exp3_Tech_Replicates,3,300000,0.0030282628520463817,0.2646670341491699,0.0010465391181453234,13.39231562614441,3012.5043375492096,23.81056499481201
Exp1_Split_Half,3,399900,0.024787318313806317,0.42774608731269836,0.00041474783341657184,19.751137256622314,4185.451674222946,27.691235303878784
Exp2_Intra_Inter_Patient,3,399900,0.07768518282994918,0.42974263429641724,0.004622645600709842,17.54662799835205,4184.032459259033,23.950997829437256
Exp3_Tech_Replicates,3,399900,0.002896087878664133,0.25944459438323975,0.0012527595008531257,17.45702028274536,4185.289612770081,23.970418214797974
Exp1_Split_Half,4,10000,0.08947857033415119,0.6047763824462891,0.15788583558347416,2.0339362621307373,829.6260294914246,12.135742902755737
Exp2_Intra_Inter_Patient,4,10000,0.08426256731560677,0.5756223201751709,0.005593710374054716,1.8206303119659424,829.6057267189026,10.470130205154419
Exp3_Tech_Replicates,4,10000,0.011444637776117261,0.43201473355293274,0.002622805236762302,1.8538239002227783,829.5370984077454,10.43242597579956
Exp1_Split_Half,4,30000,0.09673225316438838,0.5517020225524902,0.11366154056628346,2.8789377212524414,911.2928013801575,12.744496822357178
Exp2_Intra_Inter_Patient,4,30000,0.08311874204345138,0.5195270776748657,0.005270778959654741,2.8860552310943604,911.2929878234863,11.056988716125488
Exp3_Tech_Replicates,4,30000,0.0057847134942194955,0.3559245467185974,0.0028037246276977285,2.817802667617798,911.3019621372223,10.999631881713867
Exp1_Split_Half,4,50000,0.059772594385655964,0.4985862076282501,0.08138082322715905,3.722851037979126,1050.758672952652,13.303457736968994
Exp2_Intra_Inter_Patient,4,50000,0.07934709653864669,0.4961546063423157,0.004748776913014173,3.554748058319092,1050.7275612354279,11.564647436141968
Exp3_Tech_Replicates,4,50000,0.00494718529911875,0.3278222680091858,0.0018308496610732069,3.6770923137664795,1051.3162689208984,11.48167610168457
Exp1_Split_Half,4,100000,0.020539310871734884,0.4863261580467224,0.053068619969417426,5.940030336380005,1396.1893572807312,15.363760709762573
Exp2_Intra_Inter_Patient,4,100000,0.07920152004571879,0.46746429800987244,0.004711860531464117,5.3157877922058105,1396.3586475849152,13.515789031982422
Exp3_Tech_Replicates,4,100000,0.0037342195081127016,0.296631395816803,0.0013007769412602549,5.359008550643921,1396.4633474349976,13.442211389541626
Exp1_Split_Half,4,150000,0.04970821944485859,0.4516780376434326,0.0327789006934074,8.157421350479126,1693.836475610733,17.788140773773193
Exp2_Intra_Inter_Patient,4,150000,0.07895449292644763,0.4540233016014099,0.004581784940504277,7.412755489349365,1694.70761179924,15.080288410186768
Exp3_Tech_Replicates,4,150000,0.0034019483243694637,0.2820342779159546,0.0014687243955836809,7.363903999328613,1694.4033143520355,14.893851518630981
Exp1_Split_Half,4,200000,0.06282147358492374,0.459112286567688,0.032625382447647906,10.167460680007935,2124.9331703186035,20.05115056037903
Exp2_Intra_Inter_Patient,4,200000,0.07716518006569206,0.4448899030685425,0.005236587585475862,9.146628856658936,2125.591944217682,17.216477870941162
Exp3_Tech_Replicates,4,200000,0.0031915331218153042,0.27414411306381226,0.0011740728370422703,9.278049230575562,2124.8713099956512,17.137171745300293
Exp1_Split_Half,4,300000,0.057072982182323706,0.4465467631816864,0.00044022894533858955,15.20625925064087,3011.3095333576202,23.79863953590393
Exp2_Intra_Inter_Patient,4,300000,0.07699671662166274,0.434772253036499,0.004774343024147104,13.374495506286621,3012.3278114795685,24.12281632423401
Exp3_Tech_Replicates,4,300000,0.0030005188302615338,0.2645356059074402,0.0012272735784587014,13.69542384147644,3012.1085257530212,23.269216060638428
Exp1_Split_Half,4,399900,0.0998158620967029,0.45885220170021057,0.000543871583773433,19.817614316940308,4185.584641695023,27.69834065437317
Exp2_Intra_Inter_Patient,4,399900,0.07766995843035396,0.42973899841308594,0.004814820037347516,17.610578298568726,4184.143528461456,24.104488849639893
Exp3_Tech_Replicates,4,399900,0.0028951233723830683,0.2594439387321472,0.0013280721349034862,17.42830228805542,4184.52109336853,24.043512105941772
Exp1_Split_Half,5,10000,0.14853157951998686,0.6307647824287415,0.1553155553206623,1.7279446125030518,829.8209767341614,12.161259889602661
Exp2_Intra_Inter_Patient,5,10000,0.08860099768600627,0.5815449953079224,0.005154372431826218,1.8460392951965332,829.6616225242615,10.503926753997803
Exp3_Tech_Replicates,5,10000,0.010976116779236378,0.4287008047103882,0.0023062770108971255,2.1154541969299316,829.6085362434387,10.413471698760986
Exp1_Split_Half,5,30000,0.07003619596641641,0.5214135646820068,0.11186393431010416,2.76346755027771,911.3425750732422,12.711853265762329
Exp2_Intra_Inter_Patient,5,30000,0.08249001740922512,0.5193701982498169,0.005985109346058615,2.802703857421875,911.3872482776642,11.089563369750977
Exp3_Tech_Replicates,5,30000,0.005285865075492779,0.3550766706466675,0.0031943387178332756,2.5070433616638184,911.2810816764832,11.002312183380127
Exp1_Split_Half,5,50000,0.02112607232085395,0.5113711357116699,0.08121986410258451,3.5410189628601074,1050.8894143104553,13.1516854763031
Exp2_Intra_Inter_Patient,5,50000,0.08062564622213397,0.49656417965888977,0.00520958083890308,3.5097978115081787,1050.8487830162048,11.52421760559082
Exp3_Tech_Replicates,5,50000,0.0042124176530187185,0.32760369777679443,0.0018132240408852164,3.3172948360443115,1051.5492579936981,11.430587530136108
Exp1_Split_Half,5,100000,0.018536706927385183,0.468071311712265,0.05538771546377269,5.682826280593872,1396.3726170063019,15.361338376998901
Exp2_Intra_Inter_Patient,5,100000,0.07928169601774027,0.4671210050582886,0.004726418690481886,5.671000957489014,1396.2442135810852,13.469074010848999
Exp3_Tech_Replicates,5,100000,0.0038977356938776353,0.29655104875564575,0.0014216910297857263,5.4533867835998535,1396.7585363388062,13.320278406143188
Exp1_Split_Half,5,150000,0.08531572797069131,0.4710484743118286,0.03357088029461831,8.235846519470215,1694.1013314723969,17.482619524002075
Exp2_Intra_Inter_Patient,5,150000,0.07714916033858543,0.452767938375473,0.004619873621568468,7.543161869049072,1694.6444883346558,15.027887344360352
Exp3_Tech_Replicates,5,150000,0.003394142631024444,0.2822561264038086,0.0015043461321086287,7.490095138549805,1694.43075633049,15.019829511642456
Exp1_Split_Half,5,200000,0.13809277704903788,0.4869292080402374,0.0315697188018702,10.619391918182373,2124.864841938019,19.696155309677124
Exp2_Intra_Inter_Patient,5,200000,0.0782791398591165,0.4455079138278961,0.0043447247578581065,9.25308632850647,2125.963613510132,17.113193035125732
Exp3_Tech_Replicates,5,200000,0.003232876771436466,0.27397674322128296,0.0011249275697983066,9.315216064453125,2125.561056137085,16.96257185935974
Exp1_Split_Half,5,300000,0.071732898004357,0.45370620489120483,0.0006198317182410255,14.97942852973938,3011.3789308071136,23.624713897705078
Exp2_Intra_Inter_Patient,5,300000,0.07750850025488809,0.4350512623786926,0.004402787967699533,13.060553312301636,3012.3401248455048,23.882449626922607
Exp3_Tech_Replicates,5,300000,0.0030223761811960514,0.2647375464439392,0.0011501777302914387,13.30691146850586,3012.011086702347,23.661085605621338
Exp1_Split_Half,5,399900,0.10975552777289099,0.4599866271018982,0.00057648731837433,19.17483949661255,4184.822876930237,27.833256006240845
Exp2_Intra_Inter_Patient,5,399900,0.07766554718548768,0.42973706126213074,0.004888223490982869,17.253812789916992,4183.91770529747,24.105117082595825
Exp3_Tech_Replicates,5,399900,0.002896277327320007,0.2594451606273651,0.0012951060854851288,18.662847995758057,4185.1194932460785,24.187206745147705
Exp1_Split_Half,6,10000,0.24965305117486913,0.6921221017837524,0.1561212337118769,1.9433655738830566,829.7070291042328,12.20074462890625
Exp2_Intra_Inter_Patient,6,10000,0.08435724560342006,0.5778079628944397,0.004878108861078623,2.117699384689331,829.5962409973145,10.38969373703003
Exp3_Tech_Replicates,6,10000,0.01190208255470715,0.4301024377346039,0.002451461786330701,1.882676601409912,829.9439566135406,10.325023412704468
Exp1_Split_Half,6,30000,0.06336656362789483,0.5449061989784241,0.1125309835466499,2.701350450515747,911.4229762554169,12.697318315505981
Exp2_Intra_Inter_Patient,6,30000,0.0812402915897712,0.5211617946624756,0.004989400729229451,2.6895391941070557,911.2618200778961,10.89784288406372
Exp3_Tech_Replicates,6,30000,0.005757657351213474,0.3553011417388916,0.00278198270878786,2.4522087574005127,911.3563897609711,10.927605390548706
Exp1_Split_Half,6,50000,0.16818517161248892,0.5459262728691101,0.07850854732291727,3.7277963161468506,1051.1465344429016,13.119907855987549
Exp2_Intra_Inter_Patient,6,50000,0.07574473940274107,0.4936310946941376,0.005084261561518303,3.4300289154052734,1051.1556906700134,11.549072742462158
Exp3_Tech_Replicates,6,50000,0.004747330399185401,0.3270820379257202,0.001889544018638891,3.9560794830322266,1051.118943452835,11.513445377349854
Exp1_Split_Half,6,100000,0.05404334412013778,0.4831503629684448,0.05340657231056776,6.072522401809692,1396.3616507053375,15.247046709060669
Exp2_Intra_Inter_Patient,6,100000,0.07652330844502853,0.46686506271362305,0.003987713319625143,5.7305731773376465,1396.3267455101013,13.461516380310059
Exp3_Tech_Replicates,6,100000,0.003546865991573611,0.2962806224822998,0.0013431995585534327,5.55914568901062,1396.7393164634705,13.40837812423706
Exp1_Split_Half,6,150000,0.0716837910949728,0.4653834104537964,0.03298303421936243,8.256680011749268,1693.9416027069092,17.532981634140015
Exp2_Intra_Inter_Patient,6,150000,0.07861926043329781,0.45387348532676697,0.004886143102425849,7.601632595062256,1694.9989650249481,15.021624565124512
Exp3_Tech_Replicates,6,150000,0.0032512721987858484,0.28269797563552856,0.0014266359756144092,7.600878000259399,1694.4830420017242,14.856456756591797
Exp1_Split_Half,6,200000,0.05421301335419493,0.4506259560585022,0.0315083494002105,10.410219192504883,2124.6384978294373,19.797419786453247
Exp2_Intra_Inter_Patient,6,200000,0.07697284246331115,0.4447551369667053,0.004464029698135391,9.457064628601074,2125.4817695617676,17.19137454032898
Exp3_Tech_Replicates,6,200000,0.0031124686067620644,0.2741023898124695,0.0010229926287522873,9.323120832443237,2125.528641939163,17.023858547210693
Exp1_Split_Half,6,300000,0.06623262778067307,0.4514065384864807,0.0005486884989790141,14.965912342071533,3011.5008187294006,23.747309684753418
Exp2_Intra_Inter_Patient,6,300000,0.07707596519547177,0.43485578894615173,0.004633084651126354,13.154750347137451,3012.56046462059,24.043611526489258
Exp3_Tech_Replicates,6,300000,0.0030447544918406066,0.26486736536026,0.0010327504056417932,13.265903234481812,3012.3963556289673,23.66547441482544
Exp1_Split_Half,6,399900,0.0291283450048887,0.4299605190753937,0.0003991790815409899,19.436957359313965,4185.216168165207,27.29290747642517
Exp2_Intra_Inter_Patient,6,399900,0.0776715503941281,0.4297354817390442,0.0045785683282169795,17.418694257736206,4183.896801710129,24.15028667449951
Exp3_Tech_Replicates,6,399900,0.0028944437473645834,0.25945156812667847,0.0011123398546954526,17.490827322006226,4184.917448759079,24.004406452178955
Exp1_Split_Half,7,10000,0.041562258261616414,0.5896755456924438,0.15850616667059927,1.9563050270080566,829.651458978653,12.0167076587677
Exp2_Intra_Inter_Patient,7,10000,0.08118214152640935,0.5794330835342407,0.004651029177166495,1.672102689743042,829.3993909358978,10.29617953300476
Exp3_Tech_Replicates,7,10000,0.012040601235984383,0.43018537759780884,0.0021422856456017408,1.848235845565796,829.6236684322357,10.312747955322266
Exp1_Split_Half,7,30000,0.06415135351791879,0.5129903554916382,0.11434127000723772,2.822096586227417,911.4176111221313,12.75209355354309
Exp2_Intra_Inter_Patient,7,30000,0.08333245251977495,0.5201711654663086,0.005220013365306176,2.4820902347564697,911.3140361309052,10.776903867721558
Exp3_Tech_Replicates,7,30000,0.005643878914770362,0.35521671175956726,0.0028283763647805435,2.3884286880493164,911.2825577259064,10.918661117553711
Exp1_Split_Half,7,50000,0.04371885578336965,0.4974006712436676,0.08163094113972313,3.794046401977539,1050.8877305984497,13.012290000915527
Exp2_Intra_Inter_Patient,7,50000,0.08037370827215629,0.49497148394584656,0.004462866410691329,3.3123695850372314,1050.7763833999634,11.53312611579895
Exp3_Tech_Replicates,7,50000,0.004521397625263823,0.32704058289527893,0.0017510172914984134,3.186544895172119,1051.1554822921753,11.532052516937256
Exp1_Split_Half,7,100000,0.05266448222814546,0.4723448157310486,0.05482982200195771,5.741531848907471,1396.1555638313293,15.275238037109375
Exp2_Intra_Inter_Patient,7,100000,0.07689262442560718,0.46687671542167664,0.00408798740490579,5.445234775543213,1396.4492921829224,13.45455527305603
Exp3_Tech_Replicates,7,100000,0.003637752846372244,0.2967284917831421,0.001274674034413188,5.379472017288208,1396.6480357646942,13.379307508468628
Exp1_Split_Half,7,150000,0.03160479541680594,0.45229923725128174,0.03278890694738875,8.081127405166626,1694.3319725990295,17.584696054458618
Exp2_Intra_Inter_Patient,7,150000,0.07787574959880494,0.45333632826805115,0.004570117993929541,7.427688360214233,1694.2443957328796,15.001322507858276
Exp3_Tech_Replicates,7,150000,0.003466710979009413,0.2823105454444885,0.0013951915388556815,7.550731182098389,1694.3470799922943,14.884801387786865
Exp1_Split_Half,7,200000,0.015001550359207805,0.44458720088005066,0.03118444465788435,10.387693405151367,2124.7876427173615,19.924768209457397
Exp2_Intra_Inter_Patient,7,200000,0.07668941379626304,0.44453486800193787,0.004428524317645486,9.621803998947144,2125.9114072322845,17.081682443618774
Exp3_Tech_Replicates,7,200000,0.0032145375028935774,0.274014413356781,0.0012712941256222043,9.49800419807434,2125.4565749168396,16.96601414680481
Exp1_Split_Half,7,300000,0.0761481508563655,0.45712387561798096,0.0005331594266928866,14.975646018981934,3010.9184415340424,23.504783868789673
Exp2_Intra_Inter_Patient,7,300000,0.07731678221701621,0.4351721405982971,0.004993506612159226,13.343109607696533,3012.4625582695007,24.622801542282104
Exp3_Tech_Replicates,7,300000,0.003042678176607083,0.2648596465587616,0.0010932764708627665,13.57849383354187,3011.6099610328674,25.852900505065918
Exp1_Split_Half,7,399900,0.07023433272720059,0.44621050357818604,0.0004791944292663828,19.572343111038208,4184.471501350403,27.84386682510376
Exp2_Intra_Inter_Patient,7,399900,0.07766604690303058,0.4297370910644531,0.004424127258846372,17.458399772644043,4183.921377658844,24.291957139968872
Exp3_Tech_Replicates,7,399900,0.002895073562623196,0.25944623351097107,0.0012312894348313255,17.380834579467773,4184.976229667664,24.210050106048584
Exp1_Split_Half,8,10000,0.07888020091285952,0.5879970788955688,0.15865703032939954,2.0495445728302,829.4579198360443,12.042659044265747
Exp2_Intra_Inter_Patient,8,10000,0.08926997248140545,0.5809420347213745,0.005486383928075975,2.0122246742248535,829.3456602096558,10.399218797683716
Exp3_Tech_Replicates,8,10000,0.011602980328499157,0.4319322109222412,0.0024800844413170285,2.2587761878967285,829.6003084182739,10.279457092285156
Exp1_Split_Half,8,30000,0.06581482241412573,0.5587341785430908,0.11184311225583393,2.9642393589019775,911.4472386837006,12.576630353927612
Exp2_Intra_Inter_Patient,8,30000,0.08202545959295637,0.5203904509544373,0.005622769195809272,2.609602928161621,911.1590683460236,10.962125062942505
Exp3_Tech_Replicates,8,30000,0.006124997106720542,0.3553246557712555,0.0031970607684299796,2.8751935958862305,911.5062372684479,10.730074644088745
Exp1_Split_Half,8,50000,0.0689082287021403,0.5008970499038696,0.08141700509145997,3.7844014167785645,1051.0758457183838,13.205858945846558
Exp2_Intra_Inter_Patient,8,50000,0.08046718340592207,0.49453723430633545,0.005039726076679764,3.729278326034546,1050.9795145988464,11.935496807098389
Exp3_Tech_Replicates,8,50000,0.0044859077909134015,0.32850778102874756,0.0018072855475438903,3.3384292125701904,1050.9437477588654,11.695945024490356
Exp1_Split_Half,8,100000,0.08725925094038178,0.4803878962993622,0.05416447988723561,5.733280420303345,1396.2820291519165,16.49187707901001
Exp2_Intra_Inter_Patient,8,100000,0.07591002953671566,0.4663390517234802,0.004381680112566182,5.5064263343811035,1395.957727432251,13.507955551147461
Exp3_Tech_Replicates,8,100000,0.0035091193966341194,0.29637598991394043,0.0012552295279199298,5.429889917373657,1396.7373311519623,13.645566940307617
Exp1_Split_Half,8,150000,0.0212616673418502,0.44829294085502625,0.03191715142236111,8.088078498840332,1693.8612341880798,17.55969762802124
Exp2_Intra_Inter_Patient,8,150000,0.07788759994724526,0.45340126752853394,0.004771257849270459,7.425062417984009,1694.8428089618683,15.243967056274414
Exp3_Tech_Replicates,8,150000,0.003336519256988524,0.28228288888931274,0.001390280541596397,7.752420425415039,1694.9554107189178,15.034112215042114
Exp1_Split_Half,8,200000,0.13030010064683406,0.4780174195766449,0.03234441280808492,10.406677484512329,2124.503885269165,19.998347997665405
Exp2_Intra_Inter_Patient,8,200000,0.07712527978002903,0.4448344111442566,0.005098382907357247,9.451916933059692,2125.7487421035767,17.198649406433105
Exp3_Tech_Replicates,8,200000,0.0031131165547213513,0.2740984559059143,0.001152764701949764,9.41253137588501,2125.551982164383,17.21621799468994
Exp1_Split_Half,8,300000,0.10633274011414784,0.4672776162624359,0.0005901781179216635,15.07051944732666,3011.0889205932617,23.680201053619385
Exp2_Intra_Inter_Patient,8,300000,0.07744516313382555,0.43502479791641235,0.004477362166560185,13.591502666473389,3012.2796478271484,24.18221640586853
Exp3_Tech_Replicates,8,300000,0.0030325054502640114,0.26473334431648254,0.0011081655813097845,13.344594955444336,3011.8935537338257,23.932643175125122
Exp1_Split_Half,8,399900,0.02525954573196998,0.4274081885814667,0.0003813728709100957,19.462992906570435,4184.558287858963,27.907918691635132
Exp2_Intra_Inter_Patient,8,399900,0.0776694031838785,0.4297347068786621,0.004587031658778789,17.477349758148193,4184.240957736969,24.300501108169556
Exp3_Tech_Replicates,8,399900,0.0028950749558314115,0.2594466805458069,0.001238410490922426,17.254842519760132,4185.435722112656,24.35214066505432
Exp1_Split_Half,9,10000,0.08854168650175076,0.585072934627533,0.15406393959252437,1.912285327911377,829.4557867050171,12.135857343673706
Exp2_Intra_Inter_Patient,9,10000,0.08981017069341046,0.5810455083847046,0.004876086394791666,2.0440380573272705,829.3809163570404,10.563693046569824
Exp3_Tech_Replicates,9,10000,0.01256508490031738,0.427598237991333,0.0025423807598830934,2.0583736896514893,829.6794481277466,10.477128505706787
Exp1_Split_Half,9,30000,0.05020792920999284,0.5210724472999573,0.11501966559989395,2.637146472930908,911.3078689575195,12.819292545318604
Exp2_Intra_Inter_Patient,9,30000,0.0809634586225183,0.5192470550537109,0.005274653708545682,2.5983643531799316,911.1302127838135,11.199962377548218
Exp3_Tech_Replicates,9,30000,0.0057975080783378985,0.355278342962265,0.002849769542675735,2.8303029537200928,911.1737468242645,11.141398668289185
Exp1_Split_Half,9,50000,0.1703720591988933,0.5372821092605591,0.08100781644699742,3.7344350814819336,1050.8190319538116,13.341662645339966
Exp2_Intra_Inter_Patient,9,50000,0.07635915936724302,0.4939448833465576,0.004836146693360324,3.5708510875701904,1050.9035573005676,11.779850482940674
Exp3_Tech_Replicates,9,50000,0.004267776289585967,0.32747381925582886,0.0018074251549956852,3.680389404296875,1051.3061127662659,11.531930685043335
Exp1_Split_Half,9,100000,0.14194378357106618,0.5210208892822266,0.05439035848377449,5.888338565826416,1396.2874853610992,15.360883474349976
Exp2_Intra_Inter_Patient,9,100000,0.07624998180490739,0.4664202034473419,0.004164823399496726,5.232996940612793,1396.460239648819,13.612743854522705
Exp3_Tech_Replicates,9,100000,0.0037103424977287247,0.2965008616447449,0.0013408813888160505,5.37295937538147,1396.6998164653778,13.442268133163452
Exp1_Split_Half,9,150000,0.10146320286590971,0.4824645519256592,0.03213070725606781,8.191219329833984,1694.1922709941864,17.562993049621582
Exp2_Intra_Inter_Patient,9,150000,0.07859969073676432,0.45392313599586487,0.004542199429074983,7.4036548137664795,1694.6293532848358,15.03084659576416
Exp3_Tech_Replicates,9,150000,0.003231353760033251,0.2826460897922516,0.001367041022739847,7.315171003341675,1694.6795573234558,15.086639881134033
Exp1_Split_Half,9,200000,0.062408365526828824,0.456074059009552,0.031807674352796314,10.305378437042236,2124.6981253623962,20.365782737731934
Exp2_Intra_Inter_Patient,9,200000,0.07857868916062927,0.4456762373447418,0.004362979108166534,9.342503070831299,2125.536397218704,17.19692349433899
Exp3_Tech_Replicates,9,200000,0.003079590774795804,0.27409952878952026,0.00105367501068539,9.601750373840332,2125.412508249283,17.10684299468994
Exp1_Split_Half,9,300000,0.08057510818782632,0.46033644676208496,0.0005887191343145951,15.1573646068573,3011.3168725967407,23.52463984489441
Exp2_Intra_Inter_Patient,9,300000,0.0773898767474499,0.4351767301559448,0.0046055406439032155,13.205862283706665,3012.70782327652,23.982120513916016
Exp3_Tech_Replicates,9,300000,0.0030470090479139955,0.26476502418518066,0.0010813942304433947,13.209771394729614,3012.0020277500153,23.84224581718445
Exp1_Split_Half,9,399900,0.09104327368243048,0.45771414041519165,0.0005364782868870282,19.490808963775635,4185.27595949173,27.481891870498657
Exp2_Intra_Inter_Patient,9,399900,0.07766614357984647,0.42973774671554565,0.004788644457816504,17.74137258529663,4183.611081600189,24.083118200302124
Exp3_Tech_Replicates,9,399900,0.0028941740611072575,0.25944212079048157,0.0012339914773927831,17.431777954101562,4184.046073913574,24.239561557769775
Exp1_Split_Half,10,10000,0.10644518403354652,0.6143382787704468,0.1540024586707126,1.7592027187347412,829.4764978885651,11.932482242584229
Exp2_Intra_Inter_Patient,10,10000,0.08891472774610154,0.5794770121574402,0.004875656617941918,1.8871870040893555,829.5411450862885,10.01038646697998
Exp3_Tech_Replicates,10,10000,0.010726998133328891,0.42856159806251526,0.002073284100330862,1.8275651931762695,829.4962303638458,10.318232536315918
Exp1_Split_Half,10,30000,0.06362773886764739,0.5462591648101807,0.11498581360256493,2.5722298622131348,911.1849086284637,12.824507236480713
Exp2_Intra_Inter_Patient,10,30000,0.07958970310515046,0.5197380185127258,0.005331855801895213,2.7802724838256836,910.995698928833,11.145073413848877
Exp3_Tech_Replicates,10,30000,0.005860141596275348,0.3556990623474121,0.0028649496741205848,2.5262606143951416,911.4930112361908,11.052194356918335
Exp1_Split_Half,10,50000,0.02566573626700297,0.5181726813316345,0.07875942011309225,3.651158094406128,1050.987068414688,13.296347379684448
Exp2_Intra_Inter_Patient,10,50000,0.07966623653070126,0.49561476707458496,0.004881037300831305,3.2806010246276855,1050.4389889240265,11.727184772491455
Exp3_Tech_Replicates,10,50000,0.004339780254417391,0.3272404372692108,0.0019904608028821543,3.383927583694458,1050.9311847686768,11.717402458190918
Exp1_Split_Half,10,100000,0.05972483320683075,0.49098649621009827,0.05474518181347825,5.960281848907471,1396.273954153061,15.43666124343872
Exp2_Intra_Inter_Patient,10,100000,0.08032172246819957,0.4680945575237274,0.004230296150479831,5.303879261016846,1396.1336207389832,13.542484283447266
Exp3_Tech_Replicates,10,100000,0.0037182518257683483,0.2971339821815491,0.001285022053520388,5.417273998260498,1396.7379899024963,13.481269598007202
Exp1_Split_Half,10,150000,0.13770047850524048,0.48600032925605774,0.032324054130055235,8.263540506362915,1694.3149180412292,17.669288158416748
Exp2_Intra_Inter_Patient,10,150000,0.07893511875698778,0.4539172947406769,0.0046010751369891904,7.383581161499023,1694.6541306972504,15.160463571548462
Exp3_Tech_Replicates,10,150000,0.0033046486360923666,0.28237003087997437,0.001418162381688281,7.3644819259643555,1694.8042199611664,14.908928871154785
Exp1_Split_Half,10,200000,0.06453244671924985,0.46685588359832764,0.03225639648241056,10.466065645217896,2124.7151815891266,19.880310773849487
Exp2_Intra_Inter_Patient,10,200000,0.07722893015193577,0.4447856545448303,0.004119247062352528,9.504041194915771,2125.762325525284,17.282870769500732
Exp3_Tech_Replicates,10,200000,0.0032172699761776613,0.27417460083961487,0.00125591550815119,9.363059282302856,2125.795914173126,17.25859498977661
Exp1_Split_Half,10,300000,0.02147402697147527,0.4356921315193176,0.0003315728021559197,15.013041257858276,3011.6039073467255,23.627508401870728
Exp2_Intra_Inter_Patient,10,300000,0.07738165396914987,0.4350939393043518,0.004847129573470438,13.200754165649414,3012.6264522075653,23.97219228744507
Exp3_Tech_Replicates,10,300000,0.003050828517219273,0.2646557688713074,0.0012011935801849436,13.384309768676758,3012.1166245937347,23.78830909729004
Exp1_Split_Half,10,399900,0.0861799247086017,0.4566688537597656,0.0005399099183247296,19.44035816192627,4185.411849737167,27.63568925857544
Exp2_Intra_Inter_Patient,10,399900,0.0776716961271946,0.4297371506690979,0.004780329644676787,17.365848541259766,4184.200262784958,24.533663034439087
Exp3_Tech_Replicates,10,399900,0.0028953750854689986,0.25944453477859497,0.0012615070166491394,17.89447283744812,4184.591479301453,24.376079320907593
